207	218
207	199
207	212
207	214
207	195
207	204
207	217
207	206
207	219
218	220
218	199
218	200
218	221
218	217
218	195
218	206
218	212
218	204
267	269
267	261
267	281
267	259
267	262
267	265
267	270
267	260
267	258
267	263
267	266
267	268
267	277
267	280
269	281
269	261
269	259
269	262
269	265
269	260
269	284
269	268
269	258
269	280
269	270
269	263
269	266
269	279
259	265
259	277
259	280
259	279
259	268
259	261
259	270
259	260
259	262
259	258
259	284
259	263
259	266
265	262
265	268
265	260
265	270
265	258
265	263
265	261
265	266
270	274
270	263
270	266
270	276
270	264
270	419
270	275
270	261
270	262
270	258
270	260
270	412
270	414
270	268
270	282
270	416
270	418
274	275
274	276
274	263
274	128
274	264
274	282
274	261
41	42
41	36
41	34
41	35
41	31
41	32
41	38
41	39
41	43
42	43
42	39
42	65
42	36
42	34
42	35
42	31
42	32
42	64
42	38
260	266
260	268
260	261
260	262
260	258
260	263
266	258
266	263
266	268
266	261
266	262
300	302
300	304
300	301
300	303
300	298
300	305
302	309
344	345
344	337
344	340
345	379
345	126
345	337
345	340
345	335
345	322
43	45
43	48
43	47
43	36
43	34
43	37
43	49
43	35
43	31
43	32
43	33
43	44
43	38
43	46
43	39
34	39
34	36
34	31
34	35
34	38
34	32
39	35
39	31
39	32
39	38
39	36
74	75
74	73
75	73
45	48
45	44
45	47
45	49
45	38
45	32
45	46
48	32
48	46
48	60
48	50
48	33
48	47
48	49
48	38
48	44
48	59
322	362
322	339
322	361
322	341
322	340
322	321
322	126
362	361
362	341
362	339
362	340
355	359
355	329
355	331
355	343
355	341
355	353
355	339
355	352
355	351
355	333
355	356
355	350
355	220
359	333
359	339
410	411
410	414
410	408
410	413
410	409
410	415
410	416
410	407
410	412
411	412
411	408
411	414
411	407
411	409
411	413
411	415
108	109
108	111
108	110
108	113
108	112
108	114
109	113
109	111
109	110
109	112
299	314
299	316
299	311
299	298
299	310
299	313
299	312
299	315
314	313
314	315
314	311
314	310
399	401
399	392
399	393
399	398
399	400
399	396
399	134
399	402
399	394
399	397
401	394
401	400
401	392
401	393
401	402
401	396
133	138
133	140
133	141
133	143
133	156
133	134
133	137
133	136
133	139
133	132
138	141
138	137
138	153
138	155
138	158
138	157
138	139
138	151
138	150
138	140
421	425
421	428
421	171
421	429
421	420
421	423
421	422
421	416
421	424
421	426
425	424
425	426
425	422
425	428
425	423
425	427
425	171
425	429
425	420
400	402
400	392
400	393
400	398
400	396
400	134
400	394
400	397
402	404
402	392
402	394
402	393
402	396
402	134
402	403
392	398
392	397
392	134
392	149
392	393
392	395
392	394
392	396
398	404
398	134
398	394
398	397
432	434
432	240
432	438
432	241
432	255
432	433
432	226
434	433
434	240
434	241
434	255
424	430
424	416
424	422
424	426
424	423
424	428
424	171
424	420
424	429
430	420
430	422
430	423
430	431
430	426
444	445
444	236
444	248
445	248
445	236
163	166
163	161
163	162
163	160
163	165
163	164
163	167
166	167
166	164
166	170
166	161
166	169
166	162
166	165
339	341
339	333
339	360
339	325
339	361
339	340
339	324
339	338
174	175
174	177
174	176
174	179
174	178
174	180
174	173
171	286
171	169
171	167
171	170
171	264
171	420
171	423
171	162
171	422
36	61
36	63
36	38
36	35
36	31
36	62
36	32
61	62
61	63
107	121
107	122
107	104
107	120
107	105
107	119
107	106
121	105
121	122
121	119
121	120
199	204
199	217
199	206
199	200
199	212
199	192
199	193
204	186
204	200
204	210
204	201
204	212
204	211
204	192
204	193
204	213
204	215
204	190
204	214
204	217
204	202
204	216
204	206
115	390
115	389
115	116
115	112
115	118
115	117
115	106
115	388
115	387
390	387
390	389
390	388
208	209
208	189
209	189
240	241
240	253
240	236
240	442
240	231
240	234
240	255
240	245
240	443
240	433
240	246
240	435
240	437
240	436
240	439
240	238
240	252
240	239
240	441
241	242
241	255
241	433
241	439
192	201
192	193
192	202
192	205
192	179
192	191
201	202
201	193
329	332
329	356
329	333
329	346
329	368
329	348
329	220
329	347
329	350
329	328
329	349
329	211
329	374
329	351
329	341
329	331
329	353
329	330
329	375
329	352
262	258
262	268
262	277
262	280
262	281
262	261
262	263
262	264
242	257
242	229
233	238
233	250
233	230
233	235
233	234
233	228
233	236
233	229
238	236
238	251
238	231
238	234
238	253
238	232
238	246
238	250
238	239
238	252
206	221
206	200
206	212
206	214
206	217
206	195
206	220
206	219
221	179
221	220
221	200
306	308
306	305
308	307
308	305
4	6
4	8
4	7
4	9
4	5
4	1
4	19
6	8
6	9
6	5
275	282
275	261
275	263
275	128
275	264
275	276
341	340
341	324
341	356
341	338
341	331
341	361
341	351
341	350
341	353
341	352
236	248
236	437
236	250
236	228
236	439
236	239
236	229
236	232
236	251
236	440
236	253
236	235
236	442
236	443
236	246
236	435
236	234
248	247
248	249
248	246
248	237
288	295
288	297
288	296
288	287
288	289
288	290
288	292
288	291
288	294
295	291
295	294
295	296
295	289
295	292
295	293
295	297
295	287
328	331
328	333
328	330
328	332
331	351
331	350
331	353
331	352
331	356
307	305
217	212
70	72
70	69
70	71
70	40
70	68
72	71
72	69
281	268
332	375
332	330
332	333
332	211
340	337
340	324
340	335
340	338
340	367
340	366
340	325
340	360
340	361
95	101
95	99
95	98
95	91
95	100
101	98
101	100
101	99
404	406
404	134
404	394
404	397
404	393
404	403
404	405
104	106
104	105
104	91
104	123
106	112
106	116
106	118
106	117
106	105
324	338
324	334
324	323
324	336
324	358
324	360
324	326
414	413
414	416
414	408
414	415
414	409
414	412
414	419
414	418
414	407
137	139
137	141
137	140
139	152
139	141
139	155
139	158
139	157
139	147
139	151
139	135
139	140
139	153
169	161
169	170
179	177
179	191
179	180
179	193
179	200
179	176
135	151
135	132
135	153
135	143
135	155
135	145
135	157
135	147
135	146
135	159
135	136
135	149
135	158
135	148
135	134
135	150
135	152
135	142
151	147
151	150
151	153
151	145
151	148
151	152
151	146
151	140
151	155
151	158
151	157
428	422
428	423
428	426
428	429
253	435
253	251
253	252
253	239
253	234
435	234
435	437
435	440
435	439
32	58
32	35
32	38
32	47
32	37
32	50
32	49
32	52
32	51
32	53
32	31
32	33
32	55
32	54
32	67
32	44
32	57
32	56
32	46
58	52
58	57
58	55
58	56
247	246
247	249
247	237
33	59
33	60
33	37
33	31
59	60
257	441
257	229
441	442
10	12
10	7
10	11
12	14
228	234
228	229
228	231
228	230
228	232
228	235
234	232
234	437
234	250
234	439
234	239
234	252
234	251
234	440
234	442
234	443
234	246
258	264
258	268
258	261
258	263
229	235
261	282
261	264
261	263
261	268
313	311
313	316
313	312
313	315
313	310
313	317
35	49
35	55
35	67
35	38
35	31
291	297
291	287
291	292
291	294
268	277
268	263
315	316
315	311
315	312
315	310
346	347
346	349
346	348
347	348
347	349
44	38
44	47
44	46
44	49
287	297
287	296
287	290
287	289
287	292
287	294
287	293
287	271
287	298
297	290
297	296
297	294
297	292
297	293
368	371
368	370
368	369
368	372
371	369
371	376
371	377
371	343
371	370
371	372
348	211
348	349
348	364
379	380
379	126
379	335
380	126
77	78
77	80
77	79
77	81
77	82
77	73
77	83
78	80
78	79
78	82
78	81
110	112
110	114
110	113
110	111
112	114
112	116
112	118
112	111
112	117
112	113
369	372
369	378
369	370
372	370
372	335
99	102
99	98
99	100
143	145
143	147
143	149
143	142
143	148
143	144
143	156
143	146
145	147
145	149
145	148
145	144
145	142
145	150
145	152
145	154
145	146
114	118
114	117
114	113
114	111
114	116
118	117
118	113
118	111
118	116
394	405
394	134
394	149
394	406
394	396
394	395
394	397
394	393
413	416
413	415
413	408
413	409
413	419
413	412
413	407
132	136
132	134
132	130
132	223
343	377
343	342
343	376
343	333
147	154
147	153
147	142
147	158
147	157
177	180
177	176
416	415
416	418
416	417
416	408
416	419
416	409
416	412
416	420
416	423
416	422
152	153
152	155
152	150
152	148
152	146
210	212
210	213
210	215
210	186
210	216
212	213
212	215
212	216
420	431
420	423
420	422
8	5
8	9
186	185
251	239
251	250
251	232
251	246
251	252
31	37
31	40
31	38
31	26
31	73
239	252
239	231
239	232
239	246
239	250
252	437
252	436
51	52
51	53
51	55
51	54
52	54
52	53
52	66
52	56
52	55
52	57
83	84
83	86
83	85
83	91
84	86
290	294
290	296
38	46
38	47
38	49
38	40
116	117
116	113
116	111
117	113
117	111
49	46
49	47
73	76
141	140
408	412
408	407
408	415
408	417
408	419
408	409
227	255
227	254
227	256
227	246
227	225
227	226
227	250
255	433
150	148
150	146
150	140
356	353
356	357
356	351
356	354
356	352
356	220
356	211
356	350
422	423
422	426
422	427
422	429
422	431
202	193
202	205
423	431
423	426
423	427
423	429
65	64
105	120
105	122
105	119
194	198
194	195
194	197
194	196
198	197
198	196
14	11
14	13
14	15
191	193
231	237
263	282
263	264
13	15
13	11
15	11
47	46
316	310
46	50
337	336
337	334
337	335
437	440
437	439
437	436
397	405
397	134
397	406
397	149
397	395
382	383
382	100
382	384
382	386
382	385
383	100
383	384
304	320
304	303
304	319
304	318
134	403
134	393
134	395
134	156
134	136
134	149
403	393
167	168
167	162
167	165
167	170
211	357
211	196
211	190
211	350
211	330
211	364
211	354
211	363
357	354
357	350
440	439
389	387
389	388
200	220
200	193
100	384
100	98
193	203
193	205
196	197
19	20
19	22
19	21
19	26
20	22
20	21
276	285
276	128
189	188
311	310
250	254
250	232
250	246
250	256
393	396
111	113
119	120
119	122
120	122
170	162
170	165
140	153
153	136
153	155
153	158
153	157
153	159
220	350
63	62
26	27
26	29
26	28
26	30
27	29
27	28
27	30
377	376
377	381
303	318
303	319
126	335
126	125
126	365
126	123
296	294
336	334
336	335
333	330
351	353
351	352
351	350
353	352
353	350
55	67
55	57
55	56
55	53
55	54
417	419
417	412
419	418
419	409
419	412
161	160
161	162
161	165
161	164
162	165
162	160
162	164
243	244
243	225
243	271
225	226
225	223
232	246
136	156
136	157
264	282
22	24
22	23
22	25
22	21
24	25
24	23
310	312
310	317
11	7
57	56
57	54
57	66
335	367
335	366
335	334
88	90
88	89
88	87
90	89
90	87
254	256
254	246
80	81
80	82
409	407
409	412
409	415
442	443
176	180
180	182
165	164
165	160
237	246
237	249
81	82
81	89
415	412
415	407
319	318
406	405
412	407
412	418
213	215
213	216
245	246
246	249
246	256
278	279
279	284
142	144
142	146
142	148
142	149
144	146
149	148
149	395
203	222
16	17
16	18
17	9
352	350
385	386
148	146
173	178
173	181
173	172
429	427
429	426
155	158
155	157
182	183
182	184
183	187
215	216
23	25
29	30
29	28
89	87
188	190
214	219
9	5
53	54
387	388
388	391
350	354
91	92
91	93
91	94
92	94
124	125
124	127
124	123
125	127
125	123
54	66
157	158
223	224
323	325
323	327
323	326
325	327
325	326
164	160
28	30
292	294
292	293
327	326
426	427
40	68
40	69
68	69
330	373
128	129
128	123
128	130
127	123
273	283
273	271
273	272
96	97
97	94
94	103
71	69
1	3
1	2
3	2
271	272
130	131
